"","Species","Species_count","gr","n","freq","percent","cumfreq","cumpercent","mweight","LowerBM","BMest","UpperBM"
"1","BIB",1328,"(100,150]",1,1,0.000753012048192771,1,0.0753012048192771,48,308.746987951807,678.650602409639,1048.51807228916
"2","BIB",1328,"(150,200]",2,2,0.00150602409638554,3,0.225903614457831,70,900.512048192771,1979.39759036145,3058.17771084337
"3","BIB",1328,"(350,400]",4,4,0.00301204819277108,7,0.52710843373494,1464,37667.1325301205,82795.3734939759,127919.204819277
"4","BIB",1328,"(400,450]",40,40,0.0301204819277108,47,3.53915662650602,1464,376671.325301205,827953.734939759,1279192.04819277
"5","BIB",1328,"(450,500]",105,105,0.079066265060241,152,11.4457831325301,1618.69230769231,1093238.94404541,2403026.74003707,3712686.55207368
"6","BIB",1328,"(500,550]",61,61,0.045933734939759,213,16.039156626506,2563.08333333333,1005666.6625251,2210535.85291165,3415287.31130773
"7","BIB",1328,"(550,600]",93,93,0.0700301204819277,306,23.0421686746988,2794,1671363.22590361,3673790.20481928,5676021.51957831
"8","BIB",1328,"(600,650]",206,206,0.155120481927711,512,38.5542168674699,3626.27272727273,4804953.35624315,10561672.2332968,16317828.6011774
"9","BIB",1328,"(650,700]",273,273,0.205572289156627,785,59.1114457831325,4687.11111111111,8230560.05220884,18091430.0562249,27951336.5200803
"10","BIB",1328,"(700,750]",355,355,0.267319277108434,1140,85.8433734939759,5768.18181818182,13171304.3880066,28951581.736035,44730317.1378697
"11","BIB",1328,"(750,800]",165,165,0.124246987951807,1305,98.2680722891566,6596,7000452.01807229,15387554.0963855,23773836.6415663
"12","BIB",1328,"(800,850]",21,21,0.0158132530120482,1326,99.8493975903614,7544.66666666667,1019109.48493976,2240084.25301205,3460939.71536145
"13","BIB",1328,"(850,900]",1,1,0.000753012048192771,1327,99.9246987951807,7544.66666666667,48529.0230923695,106670.678714859,164806.65311245
"14","BIB",1328,"(900,950]",1,1,0.000753012048192771,1328,100,7544.66666666667,48529.0230923695,106670.678714859,164806.65311245
